1152	1157	14100	14300
1152	1157	331980	332340
1152	1157	332480	332560
1152	1157	332640	332780
1152	1191	1800	1860
1152	1191	9220	9320
1152	1191	9740	10060
1152	1191	11420	11620
1152	1191	13920	14320
1152	1209	332060	332120
1152	1209	332240	332320
1152	1209	332460	332520
1152	1365	11620	11720
1152	1114	333880	334000
1152	1374	11720	12540
1152	1374	12640	12960
1152	1144	14100	14220
1152	1144	335180	335300
1152	1144	335420	335600
1152	1149	333920	334020
1157	1159	920	980
1157	1159	12700	12820
1157	1159	75540	75600
1157	1159	77040	77220
1157	1159	77260	77380
1157	1159	79100	79200
1157	1159	79240	79460
1157	1159	80140	80320
1157	1159	83940	84040
1157	1159	165840	165940
1157	1159	176460	176540
1157	1159	176600	176720
1157	1159	181420	181500
1157	1159	188940	189020
1157	1159	190440	190520
1157	1159	190780	190880
1157	1159	261300	261360
1157	1159	267140	267200
1157	1159	275760	275860
1157	1671	338160	338320
1157	1164	165140	165200
1157	1164	183660	183720
1157	1164	184560	184620
1157	1164	247780	247840
1157	1164	253300	253360
1157	1164	267040	267180
1157	1164	268060	268120
1157	1295	81920	81980
1157	1295	157660	157720
1157	1295	157760	157880
1157	1295	169280	169360
1157	1295	244760	244820
1157	1295	343320	343440
1157	1168	246440	246500
1157	1181	164280	164380
1157	1181	257340	257520
1157	1181	257860	258080
1157	1181	258120	258260
1157	1181	258320	258600
1157	1181	258720	258880
1157	1181	259700	259760
1157	1701	259240	259720
1157	1190	272420	272560
1157	1191	2420	2500
1157	1191	4540	7360
1157	1191	7420	8020
1157	1191	8180	8320
1157	1191	8460	8580
1157	1191	10140	10220
1157	1191	10660	10960
1157	1191	11000	11060
1157	1191	14400	14560
1157	1191	15960	16080
1157	1191	18520	18600
1157	1191	18640	18780
1157	1191	18940	19140
1157	1191	19220	19300
1157	1191	19360	19560
1157	1191	19620	19680
1157	1191	19820	20100
1157	1191	20140	20220
1157	1191	72180	72280
1157	1191	72340	72440
1157	1191	72480	72580
1157	1191	76940	77060
1157	1191	77140	77240
1157	1191	77320	77380
1157	1191	77520	77740
1157	1191	79920	80000
1157	1191	82860	82920
1157	1191	84440	84740
1157	1320	76320	76560
1157	1320	76640	76720
1157	1193	168080	168140
1157	1193	168300	168460
1157	1193	183640	183720
1157	1193	184460	184580
1157	1702	252560	252780
1157	1196	342800	342860
1157	1205	188860	188920
1157	1205	189740	189820
1157	1205	257260	257380
1157	1205	262120	262180
1157	1205	334760	334840
1157	1209	82840	82920
1157	1209	253140	253220
1157	1210	249860	250000
1157	1221	163520	163640
1157	1221	168800	168860
1157	1221	169420	169480
1157	1221	173900	173980
1157	1221	183280	183340
1157	1221	183640	183740
1157	1221	183780	183960
1157	1221	184000	184200
1157	1221	184280	184400
1157	1221	184440	184560
1157	1221	184680	184980
1157	1221	185020	185720
1157	1221	185780	186100
1157	1221	186160	186280
1157	1221	186440	186520
1157	1221	186960	187080
1157	1221	187920	188000
1157	1221	188360	188520
1157	1221	189740	189900
1157	1221	190000	190080
1157	1221	190620	190700
1157	1221	250460	250960
1157	1221	251040	251120
1157	1221	251160	251620
1157	1221	251780	251940
1157	1221	260720	260820
1157	1221	261260	261340
1157	1221	261420	261560
1157	1221	261660	261820
1157	1221	262320	262500
1157	1221	262680	262740
1157	1221	262980	263060
1157	1221	263260	263320
1157	1221	263820	263900
1157	1221	263940	264000
1157	1221	264080	264160
1157	1221	264220	264280
1157	1221	264340	264420
1157	1221	265520	265580
1157	1221	266160	266220
1157	1221	270740	270820
1157	1221	271880	271940
1157	1352	170960	171120
1157	1352	257300	257500
1157	1352	337720	337820
1157	1098	72960	73080
1157	1098	73120	73220
1157	1098	73740	73820
1157	1098	74760	74900
1157	1098	159300	159360
1157	1098	244240	244300
1157	1098	244340	244420
1157	1362	175820	176040
1157	1362	253580	253760
1157	1363	11320	11440
1157	1363	11660	11940
1157	1363	12140	12200
1157	1363	12260	12340
1157	1363	12580	12640
1157	1363	164500	164560
1157	1363	164680	164820
1157	1109	82060	82220
1157	1109	190360	190420
1157	1365	80560	80740
1157	1365	80780	80960
1157	1365	172860	173080
1157	1625	244680	244740
1157	1625	253480	253560
1157	1114	71340	71560
1157	1115	76020	76080
1157	1115	249920	250000
1157	1245	164260	164420
1157	1245	165800	165880
1157	1245	166000	166080
1157	1245	168080	168160
1157	1373	165620	165760
1157	1373	261860	261980
1157	1373	262180	262280
1157	1629	330560	330700
1157	1629	342700	342800
1157	1629	342980	343060
1157	1629	344340	344480
1157	1629	344780	344900
1157	1378	182120	182340
1157	1378	244680	244740
1157	1378	255720	255960
1157	1383	81880	82200
1157	1383	157660	157880
1157	1383	174620	174740
1157	1130	180820	180920
1157	1130	181000	181060
1157	1130	188240	188300
1157	1130	188440	188500
1157	1130	247920	247980
1157	1130	248060	248740
1157	1130	248960	249140
1157	1130	249420	249480
1157	1130	249520	249640
1157	1130	250120	250180
1157	1130	250560	250660
1157	1130	250840	251080
1157	1130	251600	251700
1157	1130	259980	260040
1157	1130	261280	261400
1157	1130	261540	261600
1157	1130	261720	261780
1157	1130	262380	262780
1157	1130	262940	263040
1157	1130	272820	272880
1157	1130	273620	273680
1157	1130	333880	333940
1157	1130	337320	337400
1157	1130	337440	337500
1157	1130	337580	337680
1157	1260	77660	78120
1157	1260	78320	78380
1157	1260	78420	78560
1157	1260	78660	78820
1157	1260	79480	79580
1157	1260	79620	80040
1157	1260	80080	80280
1157	1260	80360	80540
1157	1260	80860	80980
1157	1260	81080	81640
1157	1260	81960	82040
1157	1260	82080	82180
1157	1260	82320	82440
1157	1260	82540	82860
1157	1260	82900	83000
1157	1260	83380	83460
1157	1260	168920	169180
1157	1260	173300	173380
1157	1260	176560	176640
1157	1260	176960	177020
1157	1260	247640	247760
1157	1260	331200	331320
1157	1260	333880	333960
1157	1260	337020	337300
1157	1260	337440	337500
1157	1260	337600	337700
1157	1260	338780	338840
1157	1260	338880	338960
1157	1260	340380	340440
1157	1391	169960	170380
1157	1391	258060	258180
1157	1144	9200	9360
1157	1144	9420	9540
1157	1144	9580	9660
1157	1144	9740	9820
1157	1144	10220	10280
1157	1144	10420	10480
1157	1144	14560	14620
1157	1144	15720	15780
1157	1144	16760	16920
1157	1144	18740	18820
1157	1144	19060	19260
1157	1144	19320	19420
1157	1144	19580	19680
1157	1144	20020	20080
1157	1144	20160	20280
1157	1144	71960	72020
1157	1144	72100	72240
1157	1144	77200	77380
1157	1144	81000	81060
1157	1144	84240	84420
1157	1144	158300	158480
1157	1144	158740	158840
1157	1144	163300	163380
1157	1144	168340	168520
1157	1144	173620	173680
1157	1144	173840	173940
1157	1144	174260	174480
1157	1144	181540	181620
1157	1144	181660	181960
1157	1144	182000	182100
1157	1144	182400	182480
1157	1144	182560	182620
1157	1144	182660	182720
1157	1144	189600	189720
1157	1144	251860	251920
1157	1144	255660	255720
1157	1144	255940	256060
1157	1144	256120	256180
1157	1144	262320	262380
1157	1144	262440	262700
1157	1144	267040	267120
1157	1144	272020	272080
1157	1144	272220	272340
1157	1144	275700	275760
1157	1144	278300	278360
1157	1144	342720	342820
1157	1401	251060	251400
1157	1148	71960	72020
1157	1148	172120	172220
1157	1148	174820	174980
1157	1148	177260	177340
1157	1148	177380	177440
1157	1148	177520	177780
1157	1148	177820	177920
1157	1148	178080	178580
1157	1148	178640	178740
1157	1148	178880	178960
1157	1148	179380	179520
1157	1148	179560	179620
1157	1148	180680	180740
1157	1148	180920	180980
1157	1148	182740	182880
1157	1148	186140	186200
1157	1148	190480	190540
1157	1148	264220	264280
1157	1149	342740	342860
1157	1660	168760	169040
1157	1660	169080	169160
1157	1660	169380	169440
1157	1660	169480	169640
1157	1660	169680	169860
1157	1660	245040	245140
1157	1660	336480	336580
1157	1660	337080	337180
1157	1660	337400	337680
1157	1660	340200	340280
1159	1164	159260	159340
1159	1164	159580	159640
1159	1164	159920	160240
1159	1164	160580	160820
1159	1164	161280	161340
1159	1164	161520	161580
1159	1164	161640	161740
1159	1164	161780	161960
1159	1164	162100	162540
1159	1164	162580	162680
1159	1164	169360	169420
1159	1164	182340	182400
1159	1164	253360	253440
1159	1164	256600	256740
1159	1295	253360	253420
1159	1295	253460	253620
1159	1168	94540	94640
1159	1701	183320	183520
1159	1701	183980	184460
1159	1701	251860	252300
1159	1191	560	640
1159	1191	14080	14140
1159	1191	14280	14480
1159	1191	14520	14600
1159	1191	14960	15020
1159	1191	16020	16580
1159	1191	16720	17120
1159	1191	17220	17280
1159	1191	74920	75020
1159	1191	77020	77140
1159	1191	77760	77820
1159	1191	78780	79060
1159	1191	80840	81000
1159	1191	84440	84500
1159	1191	84920	85020
1159	1191	86860	86920
1159	1191	93980	94040
1159	1191	94800	94860
1159	1191	95080	95760
1159	1460	263420	263520
1159	1460	263740	263800
1159	1460	264000	264060
1159	1205	94160	94220
1159	1207	78780	78840
1159	1210	96440	96680
1159	1221	87580	87680
1159	1221	94840	94960
1159	1221	96460	96840
1159	1221	96880	96940
1159	1221	100180	100260
1159	1221	104060	104260
1159	1221	104560	104640
1159	1221	182140	182360
1159	1221	186120	186200
1159	1221	188400	188460
1159	1221	190000	190120
1159	1221	248500	248620
1159	1221	256040	256140
1159	1221	256800	256860
1159	1221	261280	261340
1159	1221	262240	262300
1159	1221	270760	270820
1159	1098	91460	91540
1159	1100	167680	167780
1159	1105	94100	94220
1159	1362	95140	95220
1159	1362	95260	95320
1159	1362	95400	95520
1159	1362	95560	95620
1159	1362	96460	96520
1159	1362	96560	96620
1159	1362	103720	103780
1159	1362	103880	104120
1159	1362	104180	104260
1159	1108	167680	167740
1159	1108	167900	167960
1159	1109	78760	78840
1159	1365	79380	79480
1159	1365	249080	249140
1159	1625	193340	193560
1159	1378	253620	253700
1159	1383	91380	91440
1159	1130	187320	187460
1159	1130	191020	191140
1159	1130	253480	253760
1159	1130	253980	254040
1159	1260	80140	80220
1159	1260	83820	83920
1159	1260	87660	87740
1159	1260	105040	105100
1159	1260	181500	181600
1159	1260	249160	249220
1159	1144	920	1000
1159	1144	12320	12460
1159	1144	13880	13940
1159	1144	76900	76980
1159	1144	77140	77360
1159	1144	81000	81060
1159	1144	81100	81160
1159	1144	81200	81280
1159	1144	94180	94240
1159	1144	100060	100140
1159	1144	159340	159500
1159	1144	159560	159680
1159	1144	159880	159980
1159	1144	160080	160180
1159	1144	160220	160280
1159	1144	160480	160540
1159	1144	160580	160640
1159	1144	160740	160880
1159	1144	161120	161480
1159	1144	161580	162060
1159	1144	162100	162240
1159	1144	162340	162560
1159	1144	162600	163320
1159	1144	165940	166040
1159	1144	169340	169440
1159	1144	181740	181840
1159	1144	181900	181980
1159	1144	182080	182220
1159	1144	182340	182620
1159	1144	182700	182800
1159	1144	187560	187620
1159	1144	190940	191020
1159	1144	254480	254560
1159	1144	257720	257860
1159	1144	262960	263020
1159	1148	75360	75420
1159	1148	182760	182980
1159	1148	184020	184080
1159	1148	184520	184780
1159	1148	185960	186020
1159	1148	187340	187560
1159	1148	188500	188780
1159	1148	188840	189380
1159	1148	189620	189720
1159	1148	189780	189920
1159	1148	189960	190040
1159	1148	249160	249220
1416	1193	238840	239040
1416	1193	239080	239480
1416	1205	192760	192860
1416	1221	190960	191040
1416	1613	221840	222020
1416	1613	222200	222260
1416	1613	222420	222520
1416	1613	223320	223460
1416	1109	190280	190360
1416	1261	277620	277700
1671	1181	336560	336740
1671	1181	339300	339400
1671	1098	330600	330660
1671	1098	331220	331320
1671	1098	331360	331880
1671	1098	332200	332320
1671	1098	332500	332980
1671	1098	333560	333680
1671	1098	334100	334220
1671	1098	334620	334680
1671	1098	334820	334940
1671	1098	335800	336060
1671	1098	336180	336240
1671	1098	336820	336960
1671	1098	338700	338800
1671	1098	339020	339300
1671	1098	339400	339480
1671	1098	339860	339920
1671	1098	340520	340920
1671	1098	340980	341060
1671	1098	341180	341320
1671	1098	341360	341440
1671	1098	341480	341860
1671	1098	342660	342900
1671	1098	343040	343180
1671	1098	343240	343300
1671	1098	343440	343500
1671	1391	338460	338520
1671	1391	338900	338960
1547	1164	270680	270800
1547	1164	270880	270960
1547	1295	330320	330600
1547	1295	330720	331020
1547	1295	331200	331400
1547	1295	331440	331700
1547	1190	270800	270900
1547	1210	333080	333140
1547	1210	333180	333960
1547	1210	334240	334420
1547	1115	332920	333000
1547	1115	333040	333900
1547	1115	333980	334080
1547	1115	334120	334280
1547	1115	336720	336840
1547	1629	330340	330500
1547	1629	330840	330960
1547	1629	331120	331240
1547	1629	331380	331440
1547	1130	268260	268320
1547	1130	268680	268820
1547	1130	268920	269160
1547	1130	269200	269400
1547	1130	270620	270740
1547	1130	273380	273540
1547	1130	335540	335620
1547	1130	335800	335860
1164	1295	79020	79120
1164	1295	79340	79400
1164	1295	163820	163880
1164	1295	163980	164060
1164	1295	167420	167860
1164	1295	171920	171980
1164	1295	172660	172740
1164	1295	253120	253180
1164	1295	254540	254640
1164	1295	254680	254820
1164	1295	254860	254920
1164	1295	257400	257500
1164	1168	187200	187260
1164	1168	245780	245900
1164	1168	245960	246020
1164	1168	246340	246400
1164	1168	246540	246620
1164	1181	64460	64620
1164	1181	66640	66760
1164	1181	87700	87760
1164	1181	178220	178380
1164	1181	185080	185140
1164	1701	172140	172220
1164	1190	255660	255720
1164	1190	256100	256180
1164	1190	256240	256320
1164	1190	258400	258480
1164	1190	258540	258600
1164	1190	265140	265220
1164	1190	267460	267560
1164	1190	267740	267800
1164	1190	272440	272520
1164	1190	272560	272640
1164	1191	72060	72180
1164	1191	75840	75900
1164	1191	76660	76820
1164	1191	76860	76920
1164	1191	78260	78460
1164	1191	78920	78980
1164	1191	79040	79100
1164	1191	80440	80540
1164	1191	80880	80940
1164	1191	82000	82260
1164	1191	83320	83420
1164	1191	85340	85420
1164	1191	86380	86460
1164	1193	163080	163240
1164	1193	164380	164460
1164	1193	164500	164560
1164	1193	165020	165300
1164	1193	166320	166380
1164	1193	166440	166560
1164	1193	166620	166740
1164	1193	169260	169360
1164	1193	173000	173120
1164	1193	173360	173440
1164	1193	177880	178160
1164	1193	178760	178880
1164	1193	179160	179940
1164	1193	180220	180380
1164	1193	183440	183540
1164	1193	183640	184040
1164	1193	184100	184360
1164	1193	255660	256120
1164	1193	256240	256300
1164	1193	256360	256440
1164	1327	78280	78340
1164	1202	272740	272820
1164	1205	178280	178360
1164	1205	182480	182540
1164	1205	184920	184980
1164	1205	185020	185120
1164	1205	249580	249760
1164	1205	250060	250220
1164	1205	250440	250520
1164	1205	250560	250680
1164	1205	251200	251280
1164	1207	68560	68620
1164	1207	69160	69420
1164	1207	69480	69640
1164	1207	73680	73740
1164	1207	73800	73920
1164	1207	73960	74540
1164	1207	74780	75260
1164	1207	75620	75780
1164	1207	76160	77040
1164	1207	77080	77180
1164	1207	77220	77280
1164	1207	83600	83660
1164	1207	84100	84160
1164	1207	84660	84720
1164	1207	85540	85620
1164	1207	86820	87020
1164	1207	87240	87500
1164	1207	90180	90380
1164	1207	163860	163940
1164	1207	164000	164080
1164	1207	164120	164240
1164	1207	164300	164440
1164	1207	164480	164560
1164	1207	166140	166200
1164	1207	166280	166360
1164	1207	170860	170920
1164	1207	177240	177300
1164	1210	73960	74040
1164	1210	87940	88100
1164	1210	167960	168040
1164	1210	171760	171820
1164	1469	255760	255940
1164	1221	182340	182400
1164	1221	252640	252760
1164	1221	252900	253000
1164	1221	256600	256700
1164	1221	268100	268160
1164	1221	271560	271620
1164	1221	271700	271760
1164	1221	271860	271940
1164	1098	71360	71420
1164	1098	72460	72560
1164	1098	76380	76500
1164	1098	80040	80120
1164	1098	88300	88380
1164	1098	88700	89120
1164	1098	89180	89260
1164	1098	90520	90580
1164	1098	90780	90840
1164	1098	90880	91240
1164	1098	91300	91360
1164	1098	162860	163000
1164	1098	166200	166300
1164	1098	166500	166560
1164	1098	168820	168880
1164	1098	168940	169000
1164	1098	170480	170620
1164	1098	178900	178960
1164	1098	180140	180220
1164	1098	180620	180720
1164	1098	181540	181600
1164	1098	250880	251040
1164	1098	254400	254560
1164	1098	262960	263080
1164	1100	247760	247820
1164	1232	263700	263800
1164	1232	263880	264000
1164	1363	69640	69700
1164	1363	74200	74320
1164	1363	79160	79220
1164	1109	65620	65740
1164	1109	68560	68620
1164	1109	84180	84240
1164	1109	86900	86980
1164	1109	87480	87580
1164	1109	184560	184620
1164	1365	82240	82320
1164	1365	84120	84180
1164	1365	85040	85120
1164	1625	185820	185940
1164	1625	249540	249600
1164	1625	254380	254500
1164	1625	254640	254780
1164	1625	254860	254920
1164	1114	79280	79400
1164	1114	83200	83280
1164	1114	85040	85100
1164	1114	86460	86780
1164	1114	87200	87280
1164	1114	87480	87540
1164	1114	87800	87940
1164	1114	90160	90220
1164	1114	90260	90340
1164	1115	69200	69260
1164	1115	77020	77080
1164	1115	80960	81020
1164	1115	84100	84320
1164	1115	88140	88220
1164	1115	169460	169580
1164	1115	170020	170120
1164	1115	171000	171060
1164	1115	171740	171820
1164	1245	79980	80060
1164	1245	162940	163020
1164	1245	170820	170900
1164	1377	67340	67460
1164	1377	68480	68540
1164	1377	77620	77740
1164	1374	76460	76720
1164	1374	79140	79200
1164	1130	270680	270740
1164	1130	272880	272940
1164	1261	264920	265000
1164	1142	265780	265840
1164	1144	77940	78000
1164	1144	159000	159080
1164	1144	159460	159560
1164	1144	159640	159720
1164	1144	160760	160860
1164	1144	161400	161460
1164	1144	161580	161700
1164	1144	161920	162000
1164	1144	162140	162200
1164	1144	169360	169440
1164	1144	182340	182400
1164	1144	184900	184960
1164	1144	248880	248960
1164	1144	251440	251500
1164	1144	267060	267120
1164	1401	179140	179240
1164	1401	179680	179940
1164	1658	158640	158740
1164	1658	168260	168500
1164	1658	168580	168660
1164	1658	169500	169560
1164	1658	171920	172000
1164	1658	172640	172740
1164	1658	173020	173320
1164	1658	245500	245560
1164	1658	252180	252380
1164	1658	258180	258240
1164	1148	82060	82260
1164	1149	87920	88000
1164	1149	88040	88100
1164	1149	89760	89820
1295	1305	72020	72080
1295	1179	176340	176400
1295	1307	159940	160300
1295	1307	173540	173640
1295	1307	176040	176200
1295	1307	238320	238420
1295	1307	238760	238820
1295	1307	258880	259000
1295	1307	261540	261620
1295	1307	334220	334380
1295	1307	334420	334520
1295	1307	336160	336440
1295	1181	161360	161520
1295	1181	176800	176900
1295	1181	254940	255100
1295	1181	255260	255320
1295	1190	259960	260560
1295	1190	260620	260980
1295	1190	338780	338840
1295	1190	343120	343180
1295	1320	154100	154180
1295	1320	156080	156220
1295	1193	4260	4340
1295	1193	4500	4580
1295	1193	5380	5500
1295	1193	163680	163740
1295	1193	169720	169880
1295	1193	241640	241760
1295	1193	257340	257400
1295	1193	259940	260020
1295	1193	260800	260880
1295	1193	262620	262680
1295	1702	154220	154280
1295	1702	157180	157300
1295	1702	166160	166220
1295	1702	167640	167700
1295	1702	170720	170860
1295	1702	245980	246420
1295	1702	332480	332660
1295	1702	333260	333340
1295	1702	340460	340560
1295	1702	340600	340700
1295	1702	341000	341140
1295	1702	341540	341600
1295	1196	341640	341700
1295	1196	343020	343100
1295	1196	344200	344260
1295	1205	175580	175660
1295	1205	242260	242320
1295	1205	251460	251520
1295	1205	255200	255280
1295	1205	256780	256860
1295	1205	332080	332400
1295	1205	338940	339040
1295	1205	342520	342580
1295	1207	66380	66460
1295	1207	75180	75260
1295	1207	78100	78260
1295	1207	82840	83020
1295	1207	87140	87200
1295	1207	87260	87340
1295	1207	87600	87700
1295	1207	87820	87920
1295	1207	87980	88240
1295	1207	90240	90380
1295	1207	150520	150580
1295	1207	157140	157200
1295	1207	161740	162480
1295	1207	163700	163760
1295	1207	164040	164100
1295	1207	176240	176360
1295	1210	74780	74860
1295	1210	155200	155300
1295	1210	158380	158700
1295	1210	159280	159480
1295	1210	159680	159880
1295	1210	172560	172620
1295	1210	238480	238540
1295	1210	245060	245140
1295	1210	247200	247260
1295	1210	338720	338780
1295	1098	158580	158680
1295	1232	5600	5700
1295	1105	2580	2640
1295	1105	4420	4580
1295	1362	152740	153060
1295	1362	245140	245520
1295	1362	252280	252600
1295	1362	261900	261960
1295	1362	326800	326860
1295	1109	66380	66440
1295	1109	70500	70640
1295	1109	177080	177140
1295	1109	177640	177760
1295	1365	71360	71420
1295	1365	71460	71600
1295	1365	71720	71840
1295	1365	78180	78260
1295	1365	156540	156600
1295	1365	156640	156820
1295	1365	246960	247020
1295	1365	247060	247180
1295	1365	257860	257920
1295	1365	257960	258020
1295	1625	238140	238280
1295	1625	238400	238900
1295	1625	240240	240300
1295	1625	240360	240600
1295	1625	241020	241700
1295	1625	241760	241880
1295	1625	241980	242240
1295	1625	242740	242900
1295	1625	243180	243820
1295	1625	244460	244520
1295	1625	244760	244860
1295	1625	245060	245320
1295	1625	245360	245540
1295	1625	245760	245840
1295	1625	245900	245960
1295	1625	246080	246400
1295	1625	246580	246640
1295	1625	246920	247080
1295	1625	247260	247460
1295	1625	247600	247680
1295	1625	247780	247920
1295	1625	248760	248840
1295	1625	248940	249020
1295	1625	249860	249980
1295	1625	251320	251440
1295	1625	251560	252780
1295	1625	252900	253040
1295	1625	254220	254280
1295	1625	254940	255340
1295	1625	255380	255980
1295	1625	256040	256660
1295	1625	256720	256900
1295	1625	257500	257820
1295	1625	257860	257960
1295	1625	258080	258180
1295	1625	258420	259140
1295	1625	259220	259300
1295	1625	259360	259420
1295	1625	259480	259580
1295	1625	259800	259900
1295	1625	260260	260320
1295	1625	260740	260800
1295	1625	260940	261020
1295	1625	261260	261320
1295	1625	261360	261480
1295	1625	262560	262640
1295	1625	263060	263660
1295	1114	64800	64860
1295	1114	65120	65360
1295	1114	65680	65820
1295	1114	65900	66040
1295	1114	66280	66460
1295	1114	66740	66840
1295	1114	66880	67280
1295	1114	67320	67380
1295	1114	67820	68220
1295	1114	68540	68980
1295	1114	69040	69420
1295	1114	70360	70520
1295	1114	70580	70720
1295	1114	71240	71360
1295	1114	71580	72140
1295	1114	72260	72560
1295	1114	72920	72980
1295	1114	73040	73420
1295	1114	73460	73520
1295	1114	73900	74380
1295	1114	74440	74540
1295	1114	74580	74640
1295	1114	76640	76720
1295	1114	78620	78760
1295	1114	79300	79400
1295	1114	79520	79640
1295	1114	79680	80000
1295	1114	80080	80140
1295	1114	80260	80460
1295	1114	80720	80780
1295	1114	81160	81280
1295	1114	81500	81600
1295	1114	81660	81820
1295	1114	82420	82540
1295	1114	82660	82800
1295	1114	82920	83220
1295	1114	83300	83420
1295	1114	83660	83780
1295	1114	84060	84120
1295	1114	84160	84240
1295	1114	84360	84440
1295	1114	84520	84700
1295	1114	84860	84980
1295	1114	85100	85300
1295	1114	85360	85500
1295	1114	85640	85700
1295	1114	86240	86400
1295	1114	86540	86640
1295	1114	86740	86800
1295	1114	88580	88780
1295	1114	88880	88940
1295	1114	89080	89140
1295	1114	89300	89380
1295	1114	89660	89720
1295	1114	344580	344960
1295	1114	345020	345260
1295	1114	345320	345780
1295	1114	345980	346060
1295	1114	346120	346320
1295	1114	346400	346460
1295	1115	64620	64700
1295	1115	76660	76760
1295	1115	150400	150520
1295	1115	155160	155260
1295	1115	159220	159340
1295	1115	159420	159560
1295	1115	159640	159780
1295	1115	159820	159880
1295	1115	160280	160360
1295	1115	163700	163760
1295	1115	163840	163900
1295	1115	165920	165980
1295	1115	168260	168340
1295	1115	168380	168560
1295	1115	171460	171560
1295	1115	175080	175320
1295	1115	176380	176460
1295	1115	247380	247580
1295	1115	251760	251860
1295	1115	261620	261680
1295	1115	262620	262700
1295	1115	332620	332680
1295	1115	344200	344260
1295	1245	89100	89180
1295	1245	151140	151280
1295	1245	151380	151440
1295	1245	154280	154360
1295	1245	157960	158080
1295	1245	160760	160820
1295	1245	161140	161200
1295	1245	161420	161540
1295	1629	325220	325720
1295	1629	325840	325900
1295	1629	325940	326140
1295	1629	326400	326860
1295	1629	326920	327040
1295	1629	327140	327240
1295	1629	327420	328100
1295	1629	328140	328440
1295	1629	328660	328720
1295	1629	328760	328980
1295	1629	329040	329160
1295	1629	329300	329380
1295	1629	329420	329480
1295	1629	329580	329720
1295	1629	329780	329900
1295	1629	329960	330620
1295	1629	330660	330740
1295	1629	330780	330960
1295	1629	331000	331240
1295	1629	331380	331440
1295	1629	331760	331820
1295	1629	332060	332120
1295	1629	332640	332740
1295	1629	332820	333340
1295	1629	333600	333720
1295	1629	334100	334280
1295	1629	334320	334380
1295	1629	334520	334600
1295	1629	334640	335040
1295	1629	335080	335220
1295	1629	335340	335460
1295	1629	335500	335780
1295	1629	335820	336200
1295	1629	336280	336540
1295	1629	336580	336960
1295	1629	337000	337060
1295	1629	337220	337300
1295	1629	337340	337460
1295	1629	337620	337720
1295	1629	338020	338120
1295	1629	338160	338780
1295	1629	339340	339460
1295	1629	339840	340140
1295	1629	340240	340840
1295	1629	340880	341100
1295	1629	341140	341240
1295	1629	342820	342880
1295	1629	343140	343320
1295	1629	343460	343520
1295	1629	344020	344120
1295	1629	344180	344340
1295	1629	344440	344560
1295	1629	346340	346520
1295	1629	346580	347400
1295	1378	67440	67560
1295	1378	67640	67840
1295	1378	68280	68380
1295	1378	68880	68980
1295	1378	83660	83760
1295	1378	83860	83920
1295	1378	159200	159260
1295	1378	159320	159380
1295	1378	159820	159880
1295	1378	175840	175900
1295	1378	244280	244340
1295	1378	244900	244960
1295	1378	249880	250000
1295	1378	253440	253500
1295	1378	253580	253700
1295	1378	253760	253840
1295	1378	259060	259160
1295	1378	325900	326040
1295	1378	326260	326340
1295	1374	84980	85160
1295	1383	72400	72480
1295	1383	175480	175560
1295	1383	245540	245640
1295	1383	256740	256880
1295	1383	257000	257060
1295	1383	258420	258620
1295	1383	328000	328140
1295	1383	328180	328240
1295	1383	347000	347100
1295	1130	253420	253560
1295	1130	253600	253660
1295	1393	70740	70860
1295	1393	156900	157160
1295	1393	165000	165220
1295	1142	5520	5600
1295	1144	79460	79620
1295	1144	173840	173900
1295	1144	262900	262960
1295	1144	343140	343200
1295	1401	241320	241400
1295	1401	241440	241580
1295	1401	241780	241860
1295	1401	332880	332960
1295	1658	151720	151780
1295	1658	155080	155280
1295	1658	171920	172080
1295	1658	172700	172760
1295	1658	172960	173020
1295	1658	238840	238900
1295	1658	240000	240240
1295	1658	255980	256040
1295	1658	336700	336760
1295	1149	87780	87880
1295	1149	88060	88260
1295	1149	89840	89920
1295	1149	90120	90480
1295	1660	338260	338460
1168	1191	14880	14980
1168	1191	19960	20040
1168	1191	87380	87520
1168	1191	94820	95000
1168	1191	96280	96700
1168	1191	96780	96940
1168	1191	97420	97580
1168	1191	101820	102040
1168	1209	92400	92500
1168	1209	94480	94540
1168	1221	88100	88240
1168	1385	96340	96460
1168	1385	96780	96900
1168	1385	248700	248760
1168	1130	268740	268960
1168	1130	269040	269120
1168	1144	19220	19440
1168	1144	75080	75160
1168	1144	87720	87820
1168	1144	88060	88180
1168	1144	96940	97300
1168	1144	278220	278360
1168	1148	17580	17660
1168	1148	17980	18040
1305	1196	16600	16660
1305	1114	72100	72180
1305	1246	37240	37340
1305	1246	37380	37440
1305	1383	76640	76780
1179	1190	13880	13960
1179	1190	22080	22140
1179	1190	22180	22500
1179	1193	13180	13300
1179	1193	13460	13520
1179	1193	13660	13800
1179	1193	13840	14020
1179	1193	18340	18400
1179	1193	20200	20260
1179	1193	20940	21060
1179	1193	22160	22260
1179	1193	22400	22460
1179	1193	184920	185020
1179	1193	185740	185800
1179	1196	13520	13660
1179	1196	21420	21520
1179	1196	21620	21880
1179	1196	21980	22120
1179	1196	101680	101740
1179	1196	106940	107040
1179	1196	109560	109860
1179	1202	101640	101740
1179	1202	101820	101920
1179	1205	107220	107300
1179	1205	176960	177020
1179	1207	87840	87920
1179	1207	88380	88600
1179	1207	174600	174660
1179	1207	174820	175240
1179	1207	175620	175680
1179	1210	175160	175300
1179	1105	109580	109640
1179	1109	175640	175740
1179	1109	194860	194980
1179	1109	195020	195260
1179	1109	195300	195400
1179	1365	9480	9840
1179	1365	20240	20300
1179	1365	104940	105000
1179	1365	105040	105100
1179	1365	105200	105280
1179	1365	105320	105480
1179	1365	105640	105860
1179	1365	191060	191140
1179	1365	191520	191640
1179	1625	191760	191940
1179	1114	9060	9120
1179	1115	174120	174180
1179	1115	175700	175760
1179	1115	175960	176020
1179	1378	94340	94580
1179	1378	106500	106680
1179	1658	172900	172960
1179	1149	101480	101600
1179	1149	101720	101860
1179	1149	101920	101980
1179	1149	106420	106480
1179	1149	109080	109140
1179	1149	109260	109340
1179	1149	109400	109480
1179	1149	109520	109600
1179	1149	109680	109820
1307	1190	327220	327300
1307	1190	327560	327640
1307	1196	98760	98820
1307	1210	160880	160940
1307	1210	239940	240200
1307	1221	95280	95380
1307	1613	205380	205460
1307	1485	205500	205560
1307	1485	293540	293660
1307	1105	98720	98780
1307	1105	100360	100560
1307	1109	183860	183920
1307	1109	327960	328060
1307	1625	184340	184420
1307	1625	242660	242840
1307	1625	242980	243040
1307	1625	244100	244180
1307	1625	244240	244300
1307	1625	258900	259000
1307	1115	160540	160600
1307	1115	160760	160960
1307	1115	239640	239960
1307	1115	240000	240260
1307	1629	326320	326380
1307	1629	334300	334440
1307	1260	86560	86620
1307	1149	93460	93520
1307	1660	167880	168040
1181	1701	238740	239080
1181	1701	239200	239260
1181	1701	239300	239720
1181	1701	239840	240000
1181	1701	240320	240480
1181	1190	328220	328280
1181	1193	171340	171400
1181	1193	247580	247640
1181	1193	247820	247880
1181	1193	260620	260700
1181	1327	68780	68840
1181	1327	69600	69820
1181	1327	74900	74960
1181	1327	75840	75900
1181	1327	80660	80720
1181	1327	84960	85020
1181	1327	154480	154600
1181	1205	178280	178360
1181	1205	238340	238400
1181	1205	246480	246540
1181	1205	257120	257240
1181	1205	257280	257380
1181	1205	262660	262720
1181	1205	324640	324720
1181	1205	331740	332020
1181	1205	345640	345800
1181	1205	346220	346320
1181	1207	69980	70060
1181	1207	78320	78440
1181	1207	81760	81820
1181	1207	150540	150620
1181	1207	154860	154980
1181	1207	155020	155100
1181	1207	156920	157040
1181	1207	166340	166540
1181	1207	166840	166900
1181	1207	167240	167320
1181	1207	167500	167600
1181	1207	168500	168560
1181	1207	169100	169480
1181	1207	169520	169600
1181	1207	169720	169900
1181	1207	176800	176900
1181	1210	76880	76940
1181	1210	248960	249060
1181	1352	67140	67300
1181	1352	67480	67640
1181	1352	79020	79120
1181	1352	152240	152360
1181	1352	152460	152580
1181	1352	152620	152700
1181	1352	162360	162520
1181	1352	166880	166960
1181	1352	167120	167700
1181	1352	168180	168240
1181	1352	168280	168640
1181	1352	168740	168940
1181	1352	168980	169040
1181	1352	169080	169440
1181	1352	169520	169600
1181	1352	169680	169740
1181	1352	169880	169940
1181	1352	172560	172620
1181	1352	172680	172800
1181	1352	173020	173080
1181	1352	173440	173500
1181	1352	173740	173880
1181	1352	242700	242840
1181	1352	242940	243060
1181	1352	243980	244040
1181	1352	244180	244240
1181	1352	244300	244380
1181	1352	257120	257520
1181	1352	262160	262280
1181	1352	262360	262440
1181	1352	262620	262680
1181	1352	262820	262920
1181	1352	323760	323860
1181	1352	325040	325220
1181	1352	325520	325580
1181	1098	156420	156480
1181	1098	244820	245000
1181	1115	65540	65600
1181	1115	84680	84740
1181	1115	84800	84880
1181	1115	157000	157060
1181	1115	261820	261880
1181	1115	328040	328140
1181	1245	153520	153600
1181	1245	154900	155020
1181	1245	155060	155120
1181	1245	157200	157320
1181	1245	158140	158280
1181	1245	158540	158600
1181	1245	163360	163520
1181	1245	163760	163840
1181	1245	164420	164480
1181	1245	164920	165000
1181	1245	165060	165120
1181	1245	166980	167040
1181	1245	171360	171440
1181	1245	171760	171900
1181	1245	173800	173860
1181	1385	158820	158900
1181	1391	67820	67960
1181	1391	68380	68440
1181	1391	77520	77580
1181	1391	78100	78180
1181	1391	80020	80220
1181	1391	84520	84600
1181	1391	84700	84780
1181	1391	164880	164960
1181	1391	171180	171240
1181	1391	241340	241440
1181	1391	326380	326460
1181	1391	328040	328120
1181	1391	338480	338580
1181	1393	74360	74480
1181	1395	157960	158040
1181	1658	263740	263800
1181	1148	256200	256260
1701	1193	176460	176780
1701	1193	177060	177160
1701	1098	179640	179920
1701	1613	205820	205900
1701	1115	248480	248540
1701	1115	249480	249540
1701	1261	272400	272500
1701	1658	250460	250540
1701	1148	181960	182160
1701	1148	182340	182400
1701	1148	182600	182660
1701	1148	187940	188180
1190	1193	16460	16600
1190	1193	17100	17180
1190	1193	17340	17820
1190	1193	17860	17940
1190	1193	20960	21020
1190	1193	21400	21480
1190	1193	21540	21620
1190	1193	22600	22780
1190	1193	29320	29400
1190	1193	249660	249720
1190	1193	256260	256320
1190	1193	259980	260060
1190	1193	260300	260360
1190	1193	260860	261060
1190	1193	261220	261300
1190	1193	262160	262240
1190	1196	16260	16360
1190	1196	16520	16660
1190	1196	20320	20380
1190	1196	23760	23860
1190	1196	24080	24240
1190	1196	24700	24840
1190	1196	25080	25200
1190	1196	25240	25300
1190	1196	25680	25840
1190	1205	247500	247600
1190	1205	329660	329720
1190	1205	337620	337680
1190	1205	337840	337920
1190	1205	338120	338180
1190	1205	338360	338460
1190	1205	341500	341600
1190	1205	343720	343800
1190	1210	245120	245240
1190	1210	247480	247600
1190	1210	250840	251400
1190	1210	251460	251600
1190	1210	251660	251940
1190	1210	252120	252240
1190	1210	253960	254600
1190	1210	254680	254800
1190	1210	255220	255340
1190	1210	255420	255600
1190	1210	324240	324300
1190	1210	324760	324880
1190	1210	329480	329600
1190	1210	329660	329960
1190	1210	330000	330060
1190	1210	330300	330400
1190	1210	331340	331420
1190	1210	331760	331860
1190	1210	332200	332500
1190	1210	332680	332960
1190	1210	335260	335320
1190	1210	336200	336260
1190	1210	339100	339160
1190	1210	339960	340060
1190	1210	340100	340280
1190	1210	340400	340660
1190	1210	340720	340820
1190	1210	340920	341020
1190	1210	341080	341260
1190	1210	341780	342120
1190	1210	342560	342720
1190	1210	343200	343260
1190	1210	343380	343460
1190	1210	343940	344120
1190	1210	344620	344720
1190	1210	344920	345020
1190	1210	345120	345180
1190	1098	252480	252640
1190	1098	259620	259740
1190	1098	261360	261460
1190	1232	259560	259740
1190	1109	327800	328000
1190	1109	328040	328120
1190	1109	332620	332680
1190	1109	332880	332940
1190	1109	335220	335300
1190	1109	341080	341140
1190	1365	18680	18740
1190	1365	19360	19500
1190	1365	250560	250620
1190	1365	251420	251540
1190	1365	257060	257280
1190	1365	257400	257660
1190	1365	258000	258120
1190	1365	335920	336040
1190	1365	336080	336140
1190	1115	250960	251040
1190	1115	262800	262860
1190	1115	324680	324880
1190	1115	329480	329600
1190	1115	329700	329980
1190	1115	330280	330340
1190	1115	330620	330680
1190	1115	331160	331220
1190	1115	332200	332320
1190	1115	332580	332680
1190	1115	332780	332840
1190	1115	336940	337000
1190	1115	339740	339800
1190	1115	340260	340320
1190	1115	340440	340540
1190	1115	341380	341440
1190	1115	343200	343300
1190	1115	345080	345140
1190	1629	326180	326280
1190	1629	343640	343700
1190	1391	24160	24240
1190	1395	24920	24980
1190	1142	263140	263240
1190	1144	258140	258200
1190	1658	343360	343420
1190	1658	343460	343520
1190	1784	337460	337520
1190	1784	337600	337680
1190	1784	337820	337960
1190	1149	339080	339160
1190	1149	339680	339740
1190	1149	344260	344380
1190	1149	344960	345020
1191	1332	77400	77520
1191	1207	75840	75940
1191	1207	76140	76200
1191	1207	76640	76900
1191	1207	78780	78840
1191	1221	87400	87460
1191	1221	87560	88320
1191	1221	88920	89080
1191	1221	93980	94040
1191	1221	94560	94640
1191	1221	94760	94860
1191	1221	95720	95900
1191	1221	98700	98820
1191	1221	98880	98960
1191	1221	99620	100460
1191	1221	100500	100920
1191	1221	101040	101160
1191	1221	101320	101440
1191	1221	101480	101560
1191	1221	104340	104520
1191	1221	104720	104800
1191	1221	104840	104940
1191	1221	104980	105100
1191	1352	81500	81640
1191	1098	76500	76560
1191	1105	101620	101680
1191	1362	95140	95200
1191	1363	75760	75880
1191	1114	8020	8100
1191	1114	9360	9420
1191	1114	83200	83280
1191	1114	86280	86360
1191	1245	94960	95020
1191	1245	97880	97940
1191	1374	76760	76920
1191	1385	96400	96560
1191	1385	96860	96920
1191	1385	97680	97740
1191	1130	17560	17680
1191	1130	17720	17800
1191	1130	17900	17960
1191	1130	18040	18140
1191	1260	77680	77740
1191	1260	79580	79640
1191	1260	81800	81860
1191	1260	84140	84260
1191	1260	94100	94160
1191	1260	94700	94900
1191	1260	98440	98700
1191	1260	104880	105000
1191	1391	82300	82380
1191	1144	700	940
1191	1144	10220	10420
1191	1144	10520	10580
1191	1144	12040	12120
1191	1144	14140	14300
1191	1144	14400	14560
1191	1144	14720	14920
1191	1144	17000	17100
1191	1144	17900	18220
1191	1144	19460	19520
1191	1144	19580	19860
1191	1144	20000	20080
1191	1144	20160	20300
1191	1144	72200	72980
1191	1144	73020	73180
1191	1144	73240	73460
1191	1144	73640	74860
1191	1144	75600	75680
1191	1144	77020	77280
1191	1144	77400	77520
1191	1144	77560	77660
1191	1144	78540	78660
1191	1144	84660	84720
1191	1144	87180	87260
1191	1144	97420	97480
1191	1144	97900	97960
1191	1144	98440	98660
1191	1144	100040	100120
1191	1144	101580	101680
1191	1144	102540	102600
1191	1144	104880	105060
1191	1144	106080	106140
1191	1148	75280	75340
1191	1148	81140	81260
1191	1148	81480	81800
1191	1148	81860	82300
1191	1148	82680	82860
1191	1148	83000	83140
1191	1148	83480	83540
1191	1148	83580	83760
1191	1148	83800	83900
1191	1148	84300	84480
1191	1148	84520	84600
1191	1148	84720	84800
1191	1148	85080	85140
1191	1148	85360	85460
1191	1148	85580	85700
1191	1148	85840	86020
1191	1148	89400	89460
1191	1148	93820	93880
1191	1148	95720	95800
1191	1148	97860	97960
1191	1148	98120	98200
1191	1148	98540	98600
1191	1148	104080	104260
1191	1148	104400	104500
1320	1098	76280	76340
1320	1105	96840	96940
1320	1625	187480	187640
1320	1115	157300	157420
1320	1115	157480	157620
1320	1115	157660	157860
1320	1115	157900	158000
1320	1115	158280	158460
1320	1115	158640	158780
1193	1196	8880	8940
1193	1196	9200	9300
1193	1196	9900	10360
1193	1196	16740	17260
1193	1196	18360	18440
1193	1196	20900	21020
1193	1196	27340	27400
1193	1327	26580	26640
1193	1327	27080	27140
1193	1327	160220	160280
1193	1327	160460	160540
1193	1460	241000	241060
1193	1460	244900	244960
1193	1460	245440	245500
1193	1205	178160	178220
1193	1205	239520	239580
1193	1205	241020	241320
1193	1205	252540	252640
1193	1205	252740	252800
1193	1205	252840	252940
1193	1205	259000	259100
1193	1205	259180	259380
1193	1205	260800	260900
1193	1205	263360	263440
1193	1207	163700	163780
1193	1207	164200	164280
1193	1207	164400	164560
1193	1207	165920	165980
1193	1207	166200	166420
1193	1207	171640	171760
1193	1210	164400	164460
1193	1210	168800	168900
1193	1210	171100	171160
1193	1210	177720	177840
1193	1210	242020	242280
1193	1210	242500	242620
1193	1210	242800	242940
1193	1210	242980	243100
1193	1210	243140	243240
1193	1210	243280	244340
1193	1210	247140	247360
1193	1210	248140	248220
1193	1210	248880	249120
1193	1210	252580	252640
1193	1210	253500	253580
1193	1210	253660	253880
1193	1469	255660	255780
1193	1469	255920	256100
1193	1221	184580	184660
1193	1098	15520	15580
1193	1098	166440	166560
1193	1098	180800	180860
1193	1098	243980	244140
1193	1098	258700	258780
1193	1098	259000	259360
1193	1098	259720	259860
1193	1100	166880	167020
1193	1100	167060	167160
1193	1485	236800	236980
1193	1232	259580	259660
1193	1232	260060	260120
1193	1105	4480	4580
1193	1362	249140	249200
1193	1362	249400	249500
1193	1362	249540	249640
1193	1362	250520	250640
1193	1108	166880	166940
1193	1109	4480	4600
1193	1109	5200	5320
1193	1109	176780	176900
1193	1109	177620	177720
1193	1109	181640	181740
1193	1109	186220	186280
1193	1365	9300	9360
1193	1365	18920	19000
1193	1365	23780	23860
1193	1365	24020	24140
1193	1365	24400	24540
1193	1365	180040	180120
1193	1365	252980	253060
1193	1625	241900	241960
1193	1625	259800	259880
1193	1625	260020	260080
1193	1625	260160	260260
1193	1625	260300	260360
1193	1625	260560	261140
1193	1625	261180	261280
1193	1625	262280	262340
1193	1625	262440	262520
1193	1625	262660	262740
1193	1115	163700	163780
1193	1115	164660	164720
1193	1115	164820	164880
1193	1115	166200	166300
1193	1115	168760	168900
1193	1115	242140	242300
1193	1115	242500	242620
1193	1115	242740	242820
1193	1115	243160	243220
1193	1115	243340	243440
1193	1115	243480	243940
1193	1115	244280	244380
1193	1115	247140	247240
1193	1115	250740	250800
1193	1115	251380	251700
1193	1115	252500	252640
1193	1115	254360	254420
1193	1115	256480	256540
1193	1115	256600	256680
1193	1115	257280	257440
1193	1115	257720	257780
1193	1115	258240	258320
1193	1115	258440	258540
1193	1115	258800	258860
1193	1115	258940	259100
1193	1115	259860	259920
1193	1116	4520	4580
1193	1116	24120	24200
1193	1116	24340	24440
1193	1116	25740	25820
1193	1116	25860	26000
1193	1245	166460	166540
1193	1245	167800	167940
1193	1245	167980	168200
1193	1245	168300	168680
1193	1378	17320	17380
1193	1378	17860	17940
1193	1374	167780	167920
1193	1374	167980	168380
1193	1374	168460	168540
1193	1769	165500	165700
1193	1769	165840	165900
1193	1260	248940	249000
1193	1261	21440	21520
1193	1261	22580	22640
1193	1391	240840	240960
1193	1391	246680	247140
1193	1391	247260	247640
1193	1391	247700	247920
1193	1391	247960	248040
1193	1391	248080	248320
1193	1391	248360	248460
1193	1391	248660	248880
1193	1393	24620	24700
1193	1395	169420	169600
1193	1395	169640	169900
1193	1142	176780	176880
1193	1142	180040	180140
1193	1399	20560	20620
1193	1399	25720	25820
1193	1399	25860	25920
1193	1144	168400	168460
1193	1401	179400	179600
1193	1401	179660	179820
1193	1401	241900	242040
1193	1658	163960	164080
1193	1658	168820	168900
1193	1658	169040	169160
1193	1658	169220	169280
1193	1658	173040	173120
1193	1658	176360	176420
1193	1658	177720	177820
1193	1658	236660	236720
1193	1658	237400	237460
1193	1658	240640	240760
1193	1658	241380	241460
1193	1658	241780	241840
1193	1658	242780	242840
1193	1658	243220	243880
1193	1658	244300	244360
1193	1658	254640	254700
1193	1658	256820	256920
1193	1658	257100	257220
1193	1658	263700	263800
1702	1202	265900	265980
1702	1210	155020	155180
1702	1210	161660	161720
1702	1210	161880	162060
1702	1210	162520	162600
1702	1210	241700	241960
1702	1210	337020	337080
1702	1221	182820	183080
1702	1098	253660	253760
1702	1100	165900	166040
1702	1485	294840	294900
1702	1232	269080	269140
1702	1108	165820	166040
1702	1108	340320	340560
1702	1625	199280	199400
1702	1625	246080	246400
1702	1115	154920	154980
1702	1115	161680	161840
1702	1115	162040	162160
1702	1115	162220	162300
1702	1115	162500	162560
1702	1115	162600	162780
1702	1115	337020	337160
1702	1115	337220	337320
1702	1115	337360	337720
1702	1115	338260	338320
1702	1629	333220	333340
1702	1629	340420	340560
1702	1629	340600	340720
1702	1629	340980	341100
1702	1383	249160	249260
1702	1383	249300	249420
1702	1144	165920	165980
1702	1148	163280	163620
1702	1148	163660	163940
1323	1196	25660	25720
1323	1115	72620	72760
1323	1115	72840	73120
1323	1115	73660	73780
1323	1115	73940	74020
1196	1202	91460	91520
1196	1202	91720	91840
1196	1202	95700	95780
1196	1202	95820	95880
1196	1202	95920	95980
1196	1202	96260	96320
1196	1202	97000	97120
1196	1202	97880	97940
1196	1202	99000	99060
1196	1202	99400	99460
1196	1202	99560	99800
1196	1202	100260	100400
1196	1202	100460	100620
1196	1202	100740	100900
1196	1202	101240	101400
1196	1202	103200	103300
1196	1202	105240	105300
1196	1202	106620	106760
1196	1202	107180	107240
1196	1202	107700	107880
1196	1202	107960	108020
1196	1202	109400	109460
1196	1202	110860	110920
1196	1202	111260	111380
1196	1202	113040	113100
1196	1202	113380	113500
1196	1205	105660	105740
1196	1205	108440	108520
1196	1205	110220	110300
1196	1205	110340	110460
1196	1205	111900	111980
1196	1205	333780	333840
1196	1205	333900	333960
1196	1205	338200	338280
1196	1205	342840	343060
1196	1210	332180	332260
1196	1210	332460	332540
1196	1210	337120	337180
1196	1210	338260	338360
1196	1210	338400	338500
1196	1210	338600	338700
1196	1352	25960	26140
1196	1352	26280	26360
1196	1105	90720	90780
1196	1105	90900	91040
1196	1105	109580	109720
1196	1105	109760	109900
1196	1105	109960	110180
1196	1105	112800	112900
1196	1363	99380	99440
1196	1109	332020	332140
1196	1109	332220	332300
1196	1109	332400	332460
1196	1365	93880	93960
1196	1365	94040	94180
1196	1365	99560	99700
1196	1114	337740	337800
1196	1114	339520	339580
1196	1115	332200	332260
1196	1115	332420	332520
1196	1115	338400	338640
1196	1115	338680	338760
1196	1115	339280	339380
1196	1115	339420	339560
1196	1629	342560	342740
1196	1378	113700	113760
1196	1378	114280	114340
1196	1374	23320	23400
1196	1383	18700	18800
1196	1383	105760	105820
1196	1130	340100	340180
1196	1130	340220	340280
1196	1130	340520	340720
1196	1261	25980	26100
1196	1391	93660	93720
1196	1393	16240	16300
1196	1395	24940	25020
1196	1395	25060	25340
1196	1149	92140	92200
1196	1149	92700	92760
1196	1149	92800	92880
1196	1149	93120	93260
1196	1149	93900	94020
1196	1149	95320	95400
1196	1149	95480	95540
1196	1149	96220	96320
1196	1149	96520	96600
1196	1149	98780	98840
1196	1149	98940	99100
1196	1149	99300	99800
1196	1149	101540	101600
1196	1149	101820	101920
1196	1149	102420	102580
1196	1149	103100	103180
1196	1149	103220	103320
1196	1149	104440	104720
1196	1149	106660	106820
1196	1149	106900	107040
1196	1149	108140	108340
1196	1149	108380	108520
1196	1149	109320	109420
1196	1149	109520	109580
1196	1149	109760	109840
1196	1149	109920	110080
1196	1149	110200	110300
1196	1149	110340	110540
1196	1149	110580	110820
1196	1149	111220	111580
1196	1149	112120	112240
1196	1149	112280	112400
1196	1149	112520	112640
1196	1149	112680	112800
1196	1149	112960	113120
1196	1149	113340	113600
1196	1149	113840	114360
1196	1149	114660	114740
1196	1149	331560	331640
1196	1149	332500	332620
1196	1149	332680	332840
1196	1149	332900	332960
1196	1149	333140	333320
1196	1149	333360	333560
1196	1149	333600	333700
1196	1149	333980	334140
1196	1149	334240	334780
1196	1149	334900	334960
1196	1149	335060	335120
1196	1149	335260	335400
1196	1149	335560	335740
1196	1149	336140	336440
1196	1149	337220	337280
1196	1149	337400	337460
1196	1149	337840	337900
1196	1149	338260	338380
1196	1149	339780	339840
1196	1149	340000	340100
1196	1149	340160	340260
1196	1149	340380	340620
1196	1149	340660	340740
1196	1149	341200	341320
1196	1149	341860	341980
1196	1149	342020	342200
1196	1149	342620	342720
1196	1149	342780	343000
1196	1149	343500	343600
1196	1149	343740	343800
1196	1149	343860	343980
1196	1149	344280	344440
1327	1207	157200	157280
1327	1098	77780	77840
1327	1108	78240	78300
1327	1261	19040	19100
1327	1395	177400	177460
1327	1658	155180	155240
1202	1352	95380	95440
1202	1352	112040	112100
1202	1105	98720	98840
1202	1105	107480	107540
1202	1105	109840	109900
1202	1105	111800	111880
1202	1365	93880	93940
1202	1365	99540	99680
1202	1365	266240	266420
1202	1374	94280	94420
1202	1383	95840	95900
1202	1383	273800	273860
1202	1261	283520	283640
1202	1391	93660	93720
1202	1391	94880	94940
1202	1142	266280	266420
1202	1142	266640	266720
1202	1142	267240	267360
1202	1142	267560	267640
1202	1142	270780	270840
1202	1142	271560	271620
1202	1142	273200	273260
1202	1142	273700	273760
1202	1142	274000	274060
1202	1142	277480	277540
1202	1142	279080	279160
1202	1144	262840	262900
1202	1149	91660	91720
1202	1149	91920	92060
1202	1149	92660	92720
1202	1149	92800	92860
1202	1149	92900	93020
1202	1149	93160	93240
1202	1149	93380	93520
1202	1149	94200	94260
1202	1149	94380	94460
1202	1149	95340	95520
1202	1149	96120	96240
1202	1149	96480	96540
1202	1149	97500	97820
1202	1149	98720	98840
1202	1149	98940	99120
1202	1149	99300	99360
1202	1149	99400	99520
1202	1149	99560	99900
1202	1149	101920	101980
1202	1149	103100	103220
1202	1149	103460	103540
1202	1149	103840	104080
1202	1149	104260	104320
1202	1149	104380	104680
1202	1149	105360	105440
1202	1149	105480	105540
1202	1149	106660	106760
1202	1149	108220	108340
1202	1149	109240	109340
1202	1149	109380	109460
1202	1149	111060	111120
1202	1149	111160	111440
1202	1149	111780	111880
1202	1149	111940	112260
1202	1149	112300	112400
1202	1149	112520	112620
1202	1149	112660	112740
1202	1149	112800	112860
1202	1149	112940	113100
1202	1149	113160	113400
1202	1149	113440	113520
1460	1205	242540	242720
1460	1205	253420	253500
1460	1363	244600	244980
1460	1363	245060	245420
1460	1115	256980	257080
1460	1115	257140	257260
1460	1260	250740	250940
1460	1260	251040	251220
1205	1210	236180	236280
1205	1210	247500	247600
1205	1210	248040	248560
1205	1210	248600	248880
1205	1210	252580	252640
1205	1210	322260	322320
1205	1210	329660	329740
1205	1210	337100	337180
1205	1469	334200	334280
1205	1352	97300	97360
1205	1352	185640	185780
1205	1352	197680	197780
1205	1352	247900	247980
1205	1352	257180	257300
1205	1352	257340	257420
1205	1352	323720	323940
1205	1352	344400	344500
1205	1352	345640	345700
1205	1098	175900	176000
1205	1098	244280	244380
1205	1105	94160	94240
1205	1105	109720	109900
1205	1105	109980	110040
1205	1105	111460	111560
1205	1105	114220	114360
1205	1363	97600	97700
1205	1363	106620	106720
1205	1363	106820	106900
1205	1109	189680	189780
1205	1109	195660	195720
1205	1109	196920	197060
1205	1625	190660	190720
1205	1625	200980	201040
1205	1625	249360	249420
1205	1625	255180	255300
1205	1625	260520	260580
1205	1115	259320	259500
1205	1245	176820	176880
1205	1629	331300	331360
1205	1629	342660	342840
1205	1629	345980	346100
1205	1374	98900	99020
1205	1385	95620	95680
1205	1385	183660	183740
1205	1391	105660	105740
1205	1391	193500	193580
1205	1391	251800	251960
1205	1142	187760	187820
1205	1142	199260	199320
1205	1658	240680	240760
1205	1658	255020	255120
1205	1658	264160	264220
1205	1658	328700	328780
1205	1784	327720	327780
1205	1784	328520	328580
1205	1149	107780	107880
1205	1149	108440	108560
1205	1149	112160	112220
1205	1149	112320	112380
1205	1149	342680	342760
1205	1149	342820	343020
1207	1210	73280	73340
1207	1210	73940	74020
1207	1210	77000	77060
1207	1210	81280	81420
1207	1210	84600	84680
1207	1210	87980	88120
1207	1210	88240	88720
1207	1210	89000	89500
1207	1210	89920	89980
1207	1210	90200	90340
1207	1210	149760	150140
1207	1210	150200	150660
1207	1210	151020	151080
1207	1210	151220	151340
1207	1210	151560	152260
1207	1210	152420	152980
1207	1210	153740	153920
1207	1210	154220	154440
1207	1210	155300	155500
1207	1210	155760	155820
1207	1210	155900	156940
1207	1210	157060	157200
1207	1210	157400	157500
1207	1210	158820	158940
1207	1210	161460	161520
1207	1210	163520	163580
1207	1210	163680	163760
1207	1210	164480	164660
1207	1210	164800	164940
1207	1210	165020	165120
1207	1210	165720	165820
1207	1210	165960	166020
1207	1210	166160	166280
1207	1210	168040	168100
1207	1210	171240	171320
1207	1210	172280	172340
1207	1210	172400	172900
1207	1210	172940	173260
1207	1210	173520	173900
1207	1210	173960	174860
1207	1210	174940	175320
1207	1210	175360	175900
1207	1210	175960	176480
1207	1210	176640	176700
1207	1210	176940	177060
1207	1352	67560	67620
1207	1352	67980	68080
1207	1352	68140	68220
1207	1352	68300	68380
1207	1352	74700	74780
1207	1352	79300	79360
1207	1352	167880	167980
1207	1352	168160	168280
1207	1352	168540	168620
1207	1352	168680	168900
1207	1352	168980	169080
1207	1352	169120	169300
1207	1352	169360	169640
1207	1352	169720	169820
1207	1098	71140	71260
1207	1098	71760	71900
1207	1098	71980	72060
1207	1098	76340	76480
1207	1098	77980	78060
1207	1098	83000	83060
1207	1098	89360	89420
1207	1098	90180	90240
1207	1098	90380	90440
1207	1098	156500	156840
1207	1098	165960	166120
1207	1362	162020	162120
1207	1362	162160	162220
1207	1362	162260	162420
1207	1363	73860	73920
1207	1363	74200	74560
1207	1363	75000	75060
1207	1363	75100	75180
1207	1363	78940	79020
1207	1363	154440	154540
1207	1363	157500	157680
1207	1363	157720	157840
1207	1108	75500	75560
1207	1109	66180	66240
1207	1109	66360	66420
1207	1109	68420	68480
1207	1109	68560	68640
1207	1109	68780	68840
1207	1109	69960	70060
1207	1109	70200	70260
1207	1109	70720	70820
1207	1109	71500	71600
1207	1109	72220	72280
1207	1109	72340	72480
1207	1109	77420	77520
1207	1109	78220	78280
1207	1109	78420	78500
1207	1109	78560	78880
1207	1109	79200	79280
1207	1109	80400	80500
1207	1109	81340	81420
1207	1109	83000	83060
1207	1109	83200	83280
1207	1109	84220	84340
1207	1109	84580	84640
1207	1109	84780	84860
1207	1109	85720	85880
1207	1109	86420	86820
1207	1109	86860	86920
1207	1109	88440	88500
1207	1109	89280	89380
1207	1109	89840	89920
1207	1109	91460	91540
1207	1109	91580	91700
1207	1109	175500	175720
1207	1109	175800	175960
1207	1109	176140	176300
1207	1365	66940	67000
1207	1365	78100	78280
1207	1365	79200	79260
1207	1365	82160	82220
1207	1365	84500	84580
1207	1365	151980	152060
1207	1365	154580	154800
1207	1365	170260	170340
1207	1365	170400	170660
1207	1114	66360	66460
1207	1114	75160	75240
1207	1114	78100	78300
1207	1114	82140	82220
1207	1114	82920	83000
1207	1114	84520	84580
1207	1114	87560	87680
1207	1114	87800	87860
1207	1114	88000	88180
1207	1114	90180	90280
1207	1115	65780	65900
1207	1115	68500	68860
1207	1115	68900	69020
1207	1115	69180	69300
1207	1115	69480	69540
1207	1115	69580	69640
1207	1115	69720	69860
1207	1115	69960	70080
1207	1115	70600	70680
1207	1115	70720	70820
1207	1115	71020	71140
1207	1115	71220	71380
1207	1115	71420	71780
1207	1115	71820	71940
1207	1115	71980	72120
1207	1115	72360	72460
1207	1115	75260	75320
1207	1115	77020	77080
1207	1115	77400	77520
1207	1115	77580	77660
1207	1115	79620	79700
1207	1115	79740	79920
1207	1115	79960	80160
1207	1115	80220	80540
1207	1115	81260	81560
1207	1115	81600	81720
1207	1115	81780	81840
1207	1115	83000	83080
1207	1115	83140	83280
1207	1115	84100	84160
1207	1115	84500	84600
1207	1115	84980	85080
1207	1115	85280	85420
1207	1115	85660	85800
1207	1115	85840	85980
1207	1115	86020	86440
1207	1115	86660	86740
1207	1115	86820	86900
1207	1115	87140	87300
1207	1115	88140	88200
1207	1115	88240	88300
1207	1115	89460	89540
1207	1115	150580	151000
1207	1115	151040	151100
1207	1115	151180	151260
1207	1115	153900	154000
1207	1115	155300	155600
1207	1115	155660	155720
1207	1115	155780	157180
1207	1115	158940	159000
1207	1115	161460	161520
1207	1115	163300	163440
1207	1115	163520	163580
1207	1115	163700	163760
1207	1115	164760	164900
1207	1115	165600	165820
1207	1115	165920	166000
1207	1115	166260	166340
1207	1115	166460	166600
1207	1115	166640	166760
1207	1115	170240	170360
1207	1115	170800	170980
1207	1115	171020	171080
1207	1115	171360	171420
1207	1115	171900	172020
1207	1115	172140	172220
1207	1115	172320	172480
1207	1115	172720	172800
1207	1115	172840	173020
1207	1115	173200	173260
1207	1115	173420	173500
1207	1115	173560	173620
1207	1115	176000	176100
1207	1115	176200	176340
1207	1245	75160	75240
1207	1245	149960	150020
1207	1245	154100	154180
1207	1245	154860	154980
1207	1245	155040	155120
1207	1245	159020	159080
1207	1245	160120	160220
1207	1245	163280	163340
1207	1245	169320	169420
1207	1245	169460	169540
1207	1245	169640	169860
1207	1245	170980	171060
1207	1377	68840	68940
1207	1378	69040	69100
1207	1378	70360	70440
1207	1378	153820	153920
1207	1374	74480	74580
1207	1374	75100	75160
1207	1374	75840	76300
1207	1374	76340	76460
1207	1374	76500	76900
1207	1374	78840	78940
1207	1374	151100	151160
1207	1374	152660	152780
1207	1374	152820	152980
1207	1383	77120	77180
1207	1385	160080	160240
1207	1391	78300	78420
1207	1393	66140	66540
1207	1393	66580	66660
1207	1393	66720	67320
1207	1393	151660	152300
1207	1395	72520	73200
1207	1395	73260	73540
1207	1395	73600	73680
1207	1395	81160	81240
1207	1395	84840	84900
1207	1395	159020	159500
1207	1395	159660	159900
1207	1395	160000	160080
1207	1658	155260	155560
1207	1658	155720	155880
1207	1658	156220	156600
1207	1658	156760	156880
1207	1658	158860	158980
1207	1658	163460	163520
1207	1658	166080	166300
1207	1658	170280	170400
1207	1149	86540	86720
1207	1149	87800	87920
1207	1149	88040	88120
1207	1149	88160	88360
1207	1149	88400	88460
1207	1149	88540	88700
1207	1149	88880	89320
1207	1149	89380	89520
1207	1149	90280	90400
1209	1115	168880	168940
1209	1144	158900	159020
1209	1144	159060	159220
1209	1144	159300	159440
1209	1144	159480	159560
1209	1144	161800	161900
1209	1144	162660	162840
1209	1144	163240	163300
1209	1144	167740	167820
1210	1221	96320	96400
1210	1352	247920	248600
1210	1098	72560	72640
1210	1098	75400	75480
1210	1098	78440	78520
1210	1098	78640	78740
1210	1098	90380	90440
1210	1098	99060	99120
1210	1098	99380	99480
1210	1098	156700	156780
1210	1098	158580	158680
1210	1098	165320	165420
1210	1098	165920	166120
1210	1098	171620	171700
1210	1098	176300	176460
1210	1098	244100	244200
1210	1098	245000	245100
1210	1105	98560	98620
1210	1362	325060	325120
1210	1362	325160	325380
1210	1362	325580	325660
1210	1362	326060	326160
1210	1109	78120	78180
1210	1109	80620	80680
1210	1109	81040	81120
1210	1109	81340	81420
1210	1109	89120	89200
1210	1109	90040	90120
1210	1109	176320	176380
1210	1109	176480	176540
1210	1109	176680	176780
1210	1109	176820	176880
1210	1109	322360	322540
1210	1109	324260	324380
1210	1109	324540	324600
1210	1109	324680	324840
1210	1109	330500	330560
1210	1109	332000	332120
1210	1109	332180	332340
1210	1109	335260	335380
1210	1109	340620	340760
1210	1109	340800	340940
1210	1109	341020	341440
1210	1109	342360	342420
1210	1109	343400	343460
1210	1109	344460	344540
1210	1365	157740	157840
1210	1365	158380	158460
1210	1365	158900	158960
1210	1365	159000	159100
1210	1365	246560	246640
1210	1365	246880	246960
1210	1365	247080	247160
1210	1365	247200	247260
1210	1365	248920	249000
1210	1365	250800	250900
1210	1365	251440	251540
1210	1365	335560	335640
1210	1365	335720	335880
1210	1365	335920	336140
1210	1625	236500	236680
1210	1625	244960	245120
1210	1625	246880	247020
1210	1625	248700	248760
1210	1114	87980	88040
1210	1114	88120	88240
1210	1114	332620	332680
1210	1114	339140	339220
1210	1115	76660	76720
1210	1115	81280	81380
1210	1115	81440	81540
1210	1115	84420	84540
1210	1115	89400	89500
1210	1115	89600	89700
1210	1115	151440	151500
1210	1115	153420	153560
1210	1115	153660	153720
1210	1115	153940	154000
1210	1115	154480	154600
1210	1115	154920	154980
1210	1115	155200	155300
1210	1115	155360	155500
1210	1115	155880	155940
1210	1115	156900	157260
1210	1115	159440	159500
1210	1115	159560	159760
1210	1115	159800	160160
1210	1115	160200	160360
1210	1115	160540	160720
1210	1115	160820	161000
1210	1115	161500	161600
1210	1115	161660	161740
1210	1115	161780	161840
1210	1115	162000	162260
1210	1115	162340	162540
1210	1115	162740	162840
1210	1115	162880	163100
1210	1115	163160	163320
1210	1115	163520	163660
1210	1115	163700	163760
1210	1115	164160	164260
1210	1115	164760	164820
1210	1115	164980	165060
1210	1115	165720	165880
1210	1115	166060	166120
1210	1115	166200	166280
1210	1115	169600	169660
1210	1115	170540	170740
1210	1115	170980	171040
1210	1115	171640	171820
1210	1115	172380	172480
1210	1115	176360	176440
1210	1115	237760	237900
1210	1115	238720	239340
1210	1115	239480	239580
1210	1115	239640	240280
1210	1115	240360	240440
1210	1115	240840	241120
1210	1115	241540	241680
1210	1115	242220	242280
1210	1115	242360	242720
1210	1115	245480	247080
1210	1115	247140	247280
1210	1115	249720	249820
1210	1115	249900	250000
1210	1115	250040	250420
1210	1115	250620	250840
1210	1115	252580	252640
1210	1115	253620	253760
1210	1115	256380	256620
1210	1115	257260	257380
1210	1115	324000	324060
1210	1115	324160	324560
1210	1115	324660	324900
1210	1115	324940	325760
1210	1115	326800	327440
1210	1115	327480	327540
1210	1115	328160	328720
1210	1115	329000	329060
1210	1115	329360	329440
1210	1115	329480	329600
1210	1115	329780	329980
1210	1115	330020	330160
1210	1115	330400	330500
1210	1115	330600	331220
1210	1115	331380	332320
1210	1115	332680	332920
1210	1115	333000	333060
1210	1115	333100	333920
1210	1115	334240	334300
1210	1115	334440	334580
1210	1115	334740	334840
1210	1115	336540	336620
1210	1115	336660	336720
1210	1115	336780	337080
1210	1115	337220	337320
1210	1115	337440	337500
1210	1115	337680	338020
1210	1115	338080	338220
1210	1115	338260	338500
1210	1115	338600	338680
1210	1115	339960	340640
1210	1115	341080	341300
1210	1115	341340	341520
1210	1115	343200	343320
1210	1115	345080	345140
1210	1245	72000	72180
1210	1245	82420	82480
1210	1245	82660	82720
1210	1245	82760	82860
1210	1245	83020	83080
1210	1245	97160	97220
1210	1245	100220	100300
1210	1245	155260	155320
1210	1629	327660	327720
1210	1629	333460	333520
1210	1629	335100	335160
1210	1629	339660	339760
1210	1377	80680	80740
1210	1378	159300	159360
1210	1378	159680	159740
1210	1378	159780	159840
1210	1378	159920	160000
1210	1378	171380	171480
1210	1378	171520	171580
1210	1378	238720	239340
1210	1378	239380	239580
1210	1374	152780	152840
1210	1383	241180	241320
1210	1383	249220	249560
1210	1383	249700	249800
1210	1383	326460	327140
1210	1260	249000	249060
1210	1391	247280	247360
1210	1391	250700	250760
1210	1393	76720	76800
1210	1393	76860	76940
1210	1399	74480	74600
1210	1399	75120	75180
1210	1399	75260	75320
1210	1399	75560	75620
1210	1144	76700	76780
1210	1144	77020	77080
1210	1144	171680	171740
1210	1401	245280	245760
1210	1401	246020	246120
1210	1401	328140	328300
1210	1658	153180	153240
1210	1658	153500	153600
1210	1658	155220	155300
1210	1658	155360	155480
1210	1658	156480	156540
1210	1658	156740	156840
1210	1658	164160	164240
1210	1658	164900	164960
1210	1658	166080	166180
1210	1658	167280	167700
1210	1658	169340	169400
1210	1658	170540	170600
1210	1658	176780	176920
1210	1658	177060	178040
1210	1658	237760	237840
1210	1658	240840	241060
1210	1658	241480	241680
1210	1658	241980	242100
1210	1658	243340	243400
1210	1658	243600	243780
1210	1658	247500	247560
1210	1658	250680	250740
1210	1658	322960	323060
1210	1658	343960	344020
1210	1149	86740	87780
1210	1149	87900	88000
1210	1149	88060	88740
1210	1149	88800	89100
1210	1149	89140	89300
1210	1149	89360	89500
1210	1149	89600	89740
1210	1149	94740	94800
1210	1149	95580	95980
1210	1149	96720	96780
1210	1149	96840	96900
1210	1149	96940	97260
1210	1149	97980	98080
1210	1149	98220	98640
1210	1149	100440	100520
1210	1149	100560	100640
1210	1149	100740	100840
1210	1149	332480	332580
1210	1149	338260	338440
1210	1149	339040	339300
1210	1149	339760	339820
1210	1149	343660	343720
1469	1221	257980	258060
1469	1221	258840	258900
1469	1221	259060	259240
1469	1221	267040	267160
1469	1221	268540	268820
1469	1221	268860	269000
1469	1221	271300	271360
1469	1485	293360	293460
1469	1109	323280	323340
1469	1109	334900	334980
1469	1115	323300	323360
1469	1144	264580	264640
1469	1660	346160	346220
1221	1362	96020	96160
1221	1362	96200	96260
1221	1362	96320	96440
1221	1362	102520	102660
1221	1362	102800	102860
1221	1362	103020	103100
1221	1362	103280	103400
1221	1109	183100	183220
1221	1115	170220	170280
1221	1115	250740	250800
1221	1130	164280	164340
1221	1130	169920	169980
1221	1130	187340	187540
1221	1130	188480	188580
1221	1130	188920	188980
1221	1130	189820	190140
1221	1130	191300	191440
1221	1130	191480	191660
1221	1130	244920	245040
1221	1130	247760	247820
1221	1130	247880	247960
1221	1130	250860	250960
1221	1130	251040	251140
1221	1130	251180	251240
1221	1130	254160	254340
1221	1130	257180	257320
1221	1130	261720	261780
1221	1130	261840	261940
1221	1130	262720	262820
1221	1130	266480	266540
1221	1130	269780	269860
1221	1260	87320	87420
1221	1260	87760	87940
1221	1260	88700	88800
1221	1260	88940	89040
1221	1260	93640	93940
1221	1260	93980	94040
1221	1260	94840	95020
1221	1260	95140	95380
1221	1260	95500	95760
1221	1260	95800	95920
1221	1260	97040	97100
1221	1260	98880	98980
1221	1260	99440	99520
1221	1260	100200	100260
1221	1260	100840	100900
1221	1260	102340	103020
1221	1260	103060	103860
1221	1260	104140	104220
1221	1260	104300	104360
1221	1260	104660	104800
1221	1260	105040	105140
1221	1260	166500	166600
1221	1260	167440	167520
1221	1260	168100	168460
1221	1260	168500	168640
1221	1260	169880	169940
1221	1260	170580	170660
1221	1260	170780	171020
1221	1260	190260	190360
1221	1260	245040	245100
1221	1260	248060	248240
1221	1260	248580	248680
1221	1260	248780	248880
1221	1395	94960	95060
1221	1144	93600	93720
1221	1144	100020	100120
1221	1144	104840	105060
1221	1144	166080	166140
1221	1144	182000	182060
1221	1144	182140	182320
1221	1144	251820	251900
1221	1144	251980	252040
1221	1144	255580	255680
1221	1144	255980	256140
1221	1144	256180	256360
1221	1144	261240	261360
1221	1144	261560	261700
1221	1144	261760	262400
1221	1144	262440	262560
1221	1144	262600	262900
1221	1144	262980	263060
1221	1144	263180	263280
1221	1144	266720	266800
1221	1144	266880	267000
1221	1144	272020	272120
1221	1144	272220	272420
1221	1144	272480	272660
1221	1144	272980	273040
1221	1144	273080	273160
1221	1144	273240	273360
1221	1144	273800	273900
1221	1144	274120	274180
1221	1144	274560	274700
1221	1401	251520	251680
1221	1148	89600	93520
1221	1148	101980	102080
1221	1148	102120	102280
1221	1148	102320	102380
1221	1148	104340	104540
1221	1148	104720	104840
1221	1148	104960	105040
1221	1148	171260	171320
1221	1148	172060	172140
1221	1148	172980	173100
1221	1148	173340	173400
1221	1148	173720	173800
1221	1148	186700	187360
1221	1148	187400	187460
1221	1148	187520	187900
1221	1148	188520	188620
1221	1148	189620	189700
1221	1148	245040	245100
1221	1148	248780	248860
1221	1660	166760	166880
1221	1660	167860	168020
1221	1660	168100	168640
1221	1660	188160	188240
1352	1613	206820	206940
1352	1485	206820	206900
1352	1485	294440	294600
1352	1485	294700	294760
1352	1108	77000	77300
1352	1108	163700	164140
1352	1109	68160	68220
1352	1109	188520	188740
1352	1109	333120	333280
1352	1109	333320	333700
1352	1115	166640	166760
1352	1245	156700	156760
1352	1245	169480	169540
1352	1245	169640	169700
1352	1245	169800	169860
1352	1245	171980	172380
1352	1245	172680	172840
1352	1245	172900	173080
1352	1245	173280	173620
1352	1245	173680	173740
1352	1246	36640	36760
1352	1246	36800	37040
1352	1246	58980	59080
1352	1246	59440	59500
1352	1261	25360	25420
1352	1261	25580	25660
1352	1261	25760	26140
1352	1261	26300	26460
1352	1261	272880	272940
1352	1261	286040	286300
1352	1261	286400	286460
1352	1261	286520	286580
1352	1261	286680	286800
1352	1142	276480	276620
1352	1658	251040	251100
1352	1149	111980	112180
1098	1232	259720	259840
1098	1232	259880	259940
1098	1109	71420	71500
1098	1109	80300	80440
1098	1109	89380	89440
1098	1109	329740	329800
1098	1114	4360	4460
1098	1114	71500	71600
1098	1115	89380	89440
1098	1115	165300	165420
1098	1115	176300	176420
1098	1115	258480	258580
1098	1115	258620	258680
1098	1115	258800	258860
1098	1115	258960	259040
1098	1115	259300	259360
1098	1115	262760	262820
1098	1115	346340	346780
1098	1115	346820	346920
1098	1245	72460	72560
1098	1245	76920	77100
1098	1245	82940	83000
1098	1245	88600	88660
1098	1245	90180	90240
1098	1245	97280	97340
1098	1245	162840	162920
1098	1245	167420	167500
1098	1629	345560	345680
1098	1629	345740	345800
1098	1378	254120	254240
1098	1130	251980	252060
1098	1391	77620	77680
1098	1391	339020	339120
1098	1393	75580	75720
1098	1144	13640	13700
1098	1144	16640	16720
1098	1144	74900	75080
1098	1144	77680	77760
1098	1144	79320	79380
1098	1144	83460	83540
1098	1144	87800	88000
1098	1144	96940	97160
1098	1144	101340	101400
1098	1144	168580	168700
1098	1144	168820	168880
1098	1144	251980	252080
1098	1144	262840	262900
1098	1144	275280	275380
1098	1148	78100	78160
1098	1148	78360	78420
1098	1149	89360	89420
1098	1149	90420	90480
1098	1149	91020	91200
1100	1108	76600	76740
1100	1108	77500	77560
1100	1108	77900	77980
1100	1108	80120	80180
1100	1108	163080	163160
1100	1108	164940	165060
1100	1108	165340	165460
1100	1108	165900	166020
1100	1108	166860	166920
1100	1108	167640	167860
1100	1108	168180	168280
1100	1108	168320	168400
1100	1108	168800	169100
1100	1108	169400	169580
1100	1108	249600	249680
1100	1383	77800	77880
1100	1383	164920	165200
1100	1395	168840	169020
1100	1658	164700	164800
1613	1485	202180	202560
1613	1485	202720	202800
1613	1485	202860	203120
1613	1485	205840	205900
1613	1485	205980	206040
1613	1485	206220	206280
1613	1485	206320	206380
1613	1485	206420	206520
1613	1485	206840	206920
1613	1485	207060	207240
1613	1485	207340	207400
1613	1485	207700	207760
1613	1485	207940	208000
1613	1485	208140	208360
1613	1485	209080	209140
1613	1485	209180	209340
1613	1485	210980	211040
1613	1485	222720	222820
1613	1485	222860	222960
1613	1485	223020	223080
1613	1485	223120	223220
1613	1485	225920	226020
1613	1485	226060	226180
1613	1485	226560	226620
1613	1485	226700	226760
1613	1485	231520	231580
1613	1485	231740	231960
1613	1485	232000	232400
1613	1485	232460	232760
1613	1485	232980	233080
1613	1362	206120	206180
1613	1362	206220	206360
1613	1365	209300	209380
1613	1625	202220	202280
1613	1625	202520	202680
1613	1385	206640	206700
1613	1385	234680	234740
1613	1391	205920	206060
1613	1401	207000	207240
1485	1362	206140	206380
1485	1365	209260	209360
1485	1365	231740	231800
1485	1383	232560	232620
1485	1383	294200	294360
1485	1383	318300	318380
1485	1261	290400	290500
1485	1261	290620	290720
1485	1391	205960	206040
1485	1142	202240	202320
1232	1105	4360	4420
1232	1105	4460	4520
1232	1109	4200	4300
1232	1115	260160	260280
1232	1378	279180	279420
1232	1142	280400	280460
1232	1658	264300	264400
1232	1149	5120	5200
1232	1149	5500	5580
1105	1109	4480	4600
1105	1116	4520	4580
1105	1245	98560	98620
1105	1245	101940	102020
1105	1378	95580	95660
1105	1378	105040	105100
1105	1383	98120	98260
1105	1393	96040	96160
1105	1393	111380	111440
1105	1393	111920	112160
1105	1393	112260	112340
1105	1149	96660	96740
1105	1149	98560	98640
1105	1149	98720	98840
1105	1149	105560	105620
1105	1149	109440	109500
1105	1149	109540	109660
1105	1149	109720	109840
1105	1149	110000	110100
1105	1149	111800	111880
1362	1109	198300	198360
1362	1109	198580	198720
1362	1625	194860	194920
1362	1625	198140	198260
1362	1625	198320	198460
1362	1625	198520	198740
1362	1625	202060	202140
1362	1625	239080	239160
1362	1625	239300	239440
1362	1625	252140	252240
1362	1625	252280	252420
1362	1115	325100	325160
1362	1115	325300	325380
1362	1115	325500	325660
1362	1260	103200	103360
1363	1115	84260	84320
1363	1149	98920	98980
1108	1245	78680	78740
1108	1629	338700	338760
1108	1383	77880	77980
1108	1391	80560	80940
1108	1395	80100	80220
1108	1395	80320	80460
1108	1395	168840	169120
1108	1658	164740	164800
1108	1658	166020	166080
1109	1365	79880	79940
1109	1365	84180	84240
1109	1365	188800	188860
1109	1365	188980	189040
1109	1625	193580	193680
1109	1625	193920	194040
1109	1625	194140	194220
1109	1625	195760	195860
1109	1625	196900	196960
1109	1625	198100	198220
1109	1625	198320	198480
1109	1625	198600	198740
1109	1625	198820	198960
1109	1625	199080	199400
1109	1625	199500	199700
1109	1625	200140	200280
1109	1625	200340	200400
1109	1625	201980	202060
1109	1114	63860	64160
1109	1114	64480	64720
1109	1114	66040	66140
1109	1114	81760	81860
1109	1114	86220	86280
1109	1115	65740	65920
1109	1115	68780	68900
1109	1115	69960	70080
1109	1115	70360	70480
1109	1115	71560	71680
1109	1115	72020	72180
1109	1115	72260	72340
1109	1115	72380	72440
1109	1115	73160	73280
1109	1115	73360	73440
1109	1115	75320	75480
1109	1115	75860	75980
1109	1115	76020	76160
1109	1115	76460	76640
1109	1115	77400	77520
1109	1115	81420	81500
1109	1115	82720	83000
1109	1115	83160	83280
1109	1115	83420	83680
1109	1115	84960	85020
1109	1115	85160	85300
1109	1115	85400	85480
1109	1115	88200	88300
1109	1115	175680	176000
1109	1115	176160	176220
1109	1115	176280	176440
1109	1115	176520	176580
1109	1115	323260	323420
1109	1115	323600	323740
1109	1115	323800	323860
1109	1115	324680	324760
1109	1115	329020	329080
1109	1115	329380	329440
1109	1115	332220	332320
1109	1115	332560	332680
1109	1115	332860	332920
1109	1115	340840	340980
1109	1115	341020	341620
1109	1115	341660	341840
1109	1115	341880	342260
1109	1115	342400	342520
1109	1115	342580	342640
1109	1115	342740	342880
1109	1115	343080	343140
1109	1115	345280	345340
1109	1115	345600	345720
1109	1115	345860	346060
1109	1115	346120	346180
1109	1629	328620	328700
1109	1377	80800	80860
1109	1378	73640	73700
1109	1378	85120	85260
1109	1378	184200	184360
1109	1378	326460	326580
1109	1378	326620	326760
1109	1378	326900	326980
1109	1383	82060	82180
1109	1383	191520	191580
1109	1260	82060	82220
1109	1144	184980	185100
1109	1401	200120	200280
1109	1149	86660	86720
1109	1149	89380	89440
1109	1149	91600	91700
1109	1149	344300	344380
1109	1149	344960	345080
1109	1149	345200	345260
1365	1625	186880	186940
1365	1625	246940	247060
1365	1114	71740	71840
1365	1114	77200	77680
1365	1114	77720	77800
1365	1114	77960	78020
1365	1114	78460	78520
1365	1114	82160	82220
1365	1115	69100	69160
1365	1115	69280	69520
1365	1115	82180	82240
1365	1115	84120	84220
1365	1115	244580	244660
1365	1115	244720	245380
1365	1115	245420	245560
1365	1115	246840	246900
1365	1115	336240	336560
1365	1115	338500	338740
1365	1116	13780	13980
1365	1246	37860	38000
1365	1629	331440	331500
1365	1629	331760	331900
1365	1130	248300	248500
1365	1393	71460	71580
1365	1393	145080	145340
1365	1393	145500	145600
1365	1393	148780	148840
1365	1393	153520	153640
1365	1393	154660	154740
1365	1142	266340	266400
1365	1401	277060	277200
1365	1401	277300	277840
1365	1401	278320	278400
1365	1401	278520	278640
1365	1401	332140	332200
1365	1401	335760	335820
1365	1658	158900	158980
1365	1658	159440	159500
1365	1658	159580	159680
1365	1658	159720	159800
1365	1658	240480	240540
1365	1658	247720	247780
1365	1149	93840	93980
1365	1149	94040	94100
1365	1149	99560	99920
1365	1149	338420	338500
1238	1246	32500	32580
1238	1246	32620	32700
1238	1246	32860	32980
1238	1246	33660	33800
1238	1246	34300	34360
1238	1246	35200	35300
1238	1246	35680	35780
1238	1246	35980	36080
1238	1246	36140	36240
1238	1246	36360	36420
1238	1246	36840	36920
1238	1246	36980	37200
1238	1246	37920	38000
1238	1246	58740	58820
1238	1246	58860	58920
1238	1246	60500	60560
1238	1383	36200	36260
1625	1115	237260	237320
1625	1115	238380	238440
1625	1115	238900	238960
1625	1115	247280	247460
1625	1115	261860	261920
1625	1378	183960	184120
1625	1378	195520	195620
1625	1378	249660	249940
1625	1378	250080	250260
1625	1378	250540	250740
1625	1378	250780	250960
1625	1378	251100	251240
1625	1383	256740	256820
1625	1383	258160	258220
1625	1401	186680	186820
1625	1401	193880	193980
1625	1401	194020	194260
1625	1401	241260	241500
1625	1401	241640	241820
1625	1658	253780	253840
1114	1115	76660	76740
1114	1115	82320	82460
1114	1115	82780	82860
1114	1115	87180	87280
1114	1115	88180	88260
1114	1115	89860	89920
1114	1115	339420	339480
1114	1115	339660	339740
1114	1116	4340	4440
1114	1245	80200	80280
1114	1245	89560	89620
1114	1245	90020	90080
1114	1629	333820	333880
1114	1378	67820	67900
1114	1378	68120	68260
1114	1378	68440	68500
1114	1378	68560	68640
1114	1378	68680	68940
1114	1378	68980	69060
1114	1383	72320	72560
1114	1383	72700	72780
1114	1383	72960	73040
1114	1383	80480	80620
1114	1383	81240	81560
1114	1383	81660	81740
1114	1383	82800	82860
1114	1130	342680	342740
1114	1130	342820	342880
1114	1393	70580	70700
1114	1393	70740	70820
1114	1393	75000	75060
1114	1393	85380	85440
1114	1399	84060	84120
1114	1144	79440	79620
1114	1144	85440	85520
1114	1658	334740	334800
1114	1149	87940	88000
1114	1149	89720	89780
1114	1149	89860	89980
1114	1149	333920	333980
1114	1149	338380	338540
1114	1149	339140	339220
1114	1149	339620	339740
1114	1149	341020	341080
1115	1245	155300	155360
1115	1629	332600	332660
1115	1629	333460	333540
1115	1629	343820	343880
1115	1629	344060	344260
1115	1378	73360	73640
1115	1378	85180	85280
1115	1378	159560	159700
1115	1378	159860	160200
1115	1378	161000	161420
1115	1378	238440	238740
1115	1378	238800	239380
1115	1378	241440	241560
1115	1383	75660	75940
1115	1383	76000	76320
1115	1383	82720	82780
1115	1383	82840	82980
1115	1383	174900	174960
1115	1383	175040	175280
1115	1383	325740	325800
1115	1383	326800	326980
1115	1383	327040	327120
1115	1383	343500	343820
1115	1383	343860	343920
1115	1385	154060	154280
1115	1391	84620	84680
1115	1391	155060	155180
1115	1393	81840	82040
1115	1393	151260	151360
1115	1393	154780	154900
1115	1395	68640	68740
1115	1395	153720	153900
1115	1144	76980	77040
1115	1144	171660	171720
1115	1144	257920	258000
1115	1401	245480	245760
1115	1401	245860	246120
1115	1401	328160	328660
1115	1401	328800	328920
1115	1658	153380	153480
1115	1658	153520	153700
1115	1658	154960	155020
1115	1658	155160	155260
1115	1658	155300	155560
1115	1658	156240	156400
1115	1658	156460	156580
1115	1658	163940	164000
1115	1658	164220	164480
1115	1658	164520	164620
1115	1658	166100	166180
1115	1658	167780	167900
1115	1658	167940	168000
1115	1658	168220	168300
1115	1658	168820	168900
1115	1658	169040	169120
1115	1658	169160	169400
1115	1658	169440	169520
1115	1658	170100	170160
1115	1658	170280	170360
1115	1658	170500	170740
1115	1658	237700	237840
1115	1658	238760	238820
1115	1658	240800	241120
1115	1658	241200	241440
1115	1658	241540	241760
1115	1658	242060	242120
1115	1658	242680	242740
1115	1658	243240	243780
1115	1658	243820	244020
1115	1658	250680	250760
1115	1658	256600	256740
1115	1658	257060	257120
1115	1658	257320	257420
1115	1658	323120	323240
1115	1658	330400	330500
1115	1658	330540	331100
1115	1658	331140	331200
1115	1658	343220	343300
1115	1149	86660	86720
1115	1149	88160	88220
1115	1149	89360	89700
1115	1149	338260	338420
1115	1149	338580	338640
1115	1149	339260	339380
1115	1149	339620	339860
1115	1149	345180	345260
1115	1660	170200	170260
1116	1399	25980	26040
1245	1374	153720	153780
1245	1374	167800	167860
1245	1383	154860	154920
1245	1385	152820	152880
1245	1391	156720	156840
1245	1391	163140	163200
1245	1391	163680	163860
1245	1391	165000	165220
1245	1391	166240	166300
1245	1395	157640	157700
1245	1144	72740	72840
1245	1144	74980	75080
1245	1144	77780	77880
1245	1144	79320	79400
1245	1144	87360	87440
1245	1144	94120	94200
1245	1144	158420	158480
1245	1144	168300	168460
1245	1149	97160	97260
1246	1378	60780	60880
1246	1378	60940	61000
1246	1378	61220	61320
1246	1378	61360	61600
1246	1374	38380	38600
1246	1374	58020	58080
1246	1383	35840	35920
1246	1391	35120	35300
1246	1393	37500	37640
1246	1395	60580	60700
1246	1399	35640	35700
1629	1378	325360	325480
1629	1378	325520	325720
1629	1378	334480	334540
1629	1383	327680	327800
1629	1383	327840	328020
1629	1383	328440	328500
1629	1383	328580	328760
1629	1383	346680	346760
1629	1383	346900	347060
1629	1144	336220	336300
1629	1144	342720	342780
1629	1144	343120	343200
1629	1401	332300	332400
1629	1401	332480	332640
1629	1401	338320	338480
1629	1401	339880	339960
1629	1658	336720	336780
1629	1149	339800	339860
1629	1149	342600	342720
1629	1149	343280	343380
1629	1660	338280	338460
1377	1148	79200	79260
1377	1148	79340	79440
1377	1148	79600	79660
1377	1148	80120	80220
1377	1148	80340	80400
1378	1130	253420	253560
1378	1130	253620	253740
1378	1149	92440	92500
1378	1149	92780	92860
1378	1149	93140	93220
1378	1149	106180	106260
1378	1149	113980	114080
1378	1149	114120	114340
1378	1149	339300	339360
1374	1144	164820	164900
1374	1149	107320	107420
1374	1149	111320	111380
1383	1658	170780	170840
1383	1149	96260	96320
1385	1130	190440	190720
1385	1260	175060	175260
1130	1769	167980	168040
1130	1769	168360	168500
1130	1769	184220	184560
1130	1769	184600	184900
1130	1769	184960	185140
1130	1769	185200	185260
1130	1769	186040	186220
1130	1769	186340	186420
1130	1769	186560	186680
1130	1769	250480	250560
1130	1769	252260	252360
1130	1260	158480	158580
1130	1260	163440	163520
1130	1260	163780	163840
1130	1260	164280	164500
1130	1260	166240	166340
1130	1260	171120	171180
1130	1260	172080	172140
1130	1144	182000	182120
1130	1144	182160	182240
1130	1144	187560	187700
1130	1144	188040	188100
1130	1144	191420	191520
1130	1144	251980	252040
1130	1144	254040	254100
1130	1144	254180	254320
1130	1144	261280	261360
1130	1144	262720	262780
1130	1144	335320	335400
1130	1144	339020	339100
1130	1144	339160	339260
1130	1144	339320	339400
1130	1149	340160	340440
1130	1149	340480	340620
1130	1149	340660	340720
1130	1149	340760	340840
1130	1660	188240	188300
1130	1660	188520	188600
1130	1660	337160	337280
1130	1660	337480	337620
1130	1660	337680	337920
1130	1660	337960	338140
1769	1144	179660	179900
1769	1144	180080	180140
1769	1144	180240	180300
1260	1144	79220	79280
1260	1144	93600	93720
1260	1144	96620	96680
1260	1144	98340	98420
1260	1144	98580	98680
1260	1144	184640	184760
1260	1401	183600	184240
1260	1401	184460	184620
1260	1148	164560	164620
1260	1148	164680	164740
1260	1148	164800	164860
1260	1148	170000	170060
1260	1148	170220	170360
1260	1148	172080	172140
1260	1148	172320	172560
1260	1148	190800	190860
1260	1148	192000	192060
1260	1148	247760	247940
1260	1148	248160	248300
1260	1148	248660	248900
1260	1148	248940	249620
1260	1148	250080	250240
1260	1148	250280	250360
1260	1148	250420	250520
1260	1148	250580	251460
1260	1148	251500	251860
1260	1148	251940	252060
1260	1148	252220	252280
1260	1148	254360	254480
1260	1148	255420	255480
1260	1148	255640	255780
1260	1148	343600	343660
1260	1148	343980	344040
1260	1660	164480	164620
1260	1660	165520	165580
1260	1660	167020	167080
1260	1660	167440	167500
1260	1660	168060	168440
1260	1660	168480	168640
1260	1660	169080	169140
1260	1660	170020	170080
1260	1660	188540	188600
1260	1660	336660	336740
1260	1660	336920	337000
1260	1660	337560	337680
1260	1660	343980	344040
1261	1391	23680	23740
1261	1142	284820	284880
1391	1142	272060	272120
1391	1144	251940	252000
1391	1658	250780	250840
1391	1149	93580	93780
1393	1149	104260	104320
1393	1149	104380	104700
1395	1148	79140	79200
1395	1149	92180	92280
1142	1658	263660	263740
1142	1658	263960	264040
1144	1148	71960	72020
1144	1148	85520	85580
1144	1148	98520	98660
1144	1148	100520	100640
1144	1148	100700	100800
1144	1148	100880	100940
1144	1148	101140	101360
1144	1148	102660	102760
1144	1148	174240	174360
1144	1148	345800	345860
1144	1660	166020	166080
1144	1660	166420	166500
1144	1660	188960	189020
1144	1660	339540	339600
1401	1660	337860	338080
1401	1660	338120	338220
1658	1149	332720	332840
1658	1535	243920	243980
1784	1660	336660	336760
1784	1660	336860	336920
